119
0	J3:30:J4:40
1	J3
3	30
1	J4
3	30
3	40
8	30
8	40
4	30
4	40
5	30
6	30:7
5	30
4	30
4	40
7	40:0:0
4	30
4	40
7	30:0:0
5	40
4	30
4	40
6	30:7
6	30:2
5	30
4	30
4	40
6	40:2
4	30
4	40
7	40:4:0
5	40
6	30:2
5	30
7	40:4:1
5	40
6	30:2
5	30
7	40:5:7
5	40
6	30:4
5	30
7	40:9:0
5	40
6	30:4
5	30
7	40:0:0
5	40
6	30:1
5	30
7	40:10:0
5	40
6	30:5
5	30
7	40:9:4
5	40
6	30:1
5	30
7	40:1:2
5	40
6	30:6
5	30
7	40:4:0
5	40
6	30:5
5	30
6	30:6
5	30
7	40:5:2
5	40
6	30:5
5	30
7	40:9:0
5	40
6	30:4
5	30
7	40:2:0
5	40
6	30:2
5	30
7	40:4:4
5	40
6	30:6
5	30
7	40:4:5
5	40
6	30:0
5	30
7	40:0:4
5	40
6	30:4
5	30
7	40:2:0
5	40
6	30:2
5	30
7	40:2:6
5	40
6	30:6
5	30
7	40:2:6
5	40
6	30:0
5	30
7	40:11:6
5	40
6	30:4
5	30
7	40:12:6
5	40
6	30:0
5	30
7	40:11:6
5	40
5	30
4	30
4	40
2	30
2	40
