154
0	J7:70:J8:80
0	J5:50:J6:60
1	J5
3	50
1	J6
3	50
3	60
8	50
8	60
4	50
4	60
5	50
6	50:0
4	50
4	60
7	60:1:0
6	50:6
4	50
4	60
6	50:2
7	60:2:0
6	50:2
7	60:7:7
6	50:6
7	60:5:0
6	50:4
6	50:2
6	50:7
6	50:6
7	60:4:2
6	50:4
4	50
4	60
5	50
2	50
2	60
1	J7
3	70
1	J8
3	70
3	80
8	70
8	80
4	70
4	80
5	70
6	70:7
5	70
4	70
4	80
7	80:0:0
4	70
4	80
7	70:0:0
5	80
4	70
4	80
6	70:7
6	70:2
5	70
4	70
4	80
6	80:2
4	70
4	80
7	80:4:0
5	80
6	70:2
5	70
7	80:4:1
5	80
6	70:2
5	70
7	80:5:7
5	80
6	70:4
5	70
7	80:9:0
5	80
6	70:4
5	70
7	80:0:0
5	80
6	70:1
5	70
7	80:10:0
5	80
6	70:5
5	70
7	80:9:4
5	80
6	70:1
5	70
7	80:1:2
5	80
6	70:6
5	70
7	80:4:0
5	80
6	70:5
5	70
6	70:6
5	70
7	80:5:2
5	80
6	70:5
5	70
7	80:9:0
5	80
6	70:4
5	70
7	80:2:0
5	80
6	70:2
5	70
7	80:4:4
5	80
6	70:6
5	70
7	80:4:5
5	80
6	70:0
5	70
7	80:0:4
5	80
6	70:4
5	70
7	80:2:0
5	80
6	70:2
5	70
7	80:2:6
5	80
6	70:6
5	70
7	80:2:6
5	80
6	70:0
5	70
7	80:11:6
5	80
6	70:4
5	70
7	80:12:6
5	80
6	70:0
5	70
7	80:11:6
5	80
5	70
4	70
4	80
2	70
2	80
